Generate svg files for BERT
Loading json activations from /work/LAS/jannesar-lab/arushi/Redundancy/Defect-detection/dataset/activations/bert/train_activations.json...
21854 13.0
Length of BERT activations: 21854
The number of neurons for each token in BERT: 9984
Total number of tokens:21854
hsic_matrix:
[[ 1.00000000e+00 -7.09331970e-09 -5.26286163e-09  4.57758550e-09
  -8.32424487e-09 -3.69860482e-08 -1.93007544e-08  9.01088705e-09
  -1.28018841e-08 -2.20861746e-08  1.89780602e-08  8.63206066e-09
   1.97162323e-08]
 [-7.09331661e-09  1.00000000e+00  6.88459782e-01  6.50324397e-01
   6.21670400e-01  5.73116663e-01  4.96169205e-01  3.89173833e-01
   2.63040370e-01  1.85743893e-01  1.91250020e-01  1.33389872e-01
   1.00334606e-01]
 [-5.26286080e-09  6.88459782e-01  1.00000000e+00  9.20650679e-01
   9.28523137e-01  8.57530707e-01  7.63597865e-01  6.13537481e-01
   4.25505141e-01  3.06108586e-01  3.25956301e-01  2.28751814e-01
   1.71145284e-01]
 [ 4.57758832e-09  6.50324397e-01  9.20650679e-01  1.00000000e+00
   9.58107848e-01  8.68393088e-01  7.61301571e-01  6.07448740e-01
   4.19867711e-01  3.03346941e-01  3.18011393e-01  2.23646799e-01
   1.69179051e-01]
 [-8.32424155e-09  6.21670400e-01  9.28523137e-01  9.58107848e-01
   1.00000000e+00  9.39380225e-01  8.42340816e-01  6.88480562e-01
   4.88808880e-01  3.62407762e-01  3.75241919e-01  2.73108405e-01
   2.08127160e-01]
 [-3.69860413e-08  5.73116663e-01  8.57530707e-01  8.68393088e-01
   9.39380225e-01  1.00000000e+00  9.35789833e-01  8.20933444e-01
   6.34983130e-01  5.04970457e-01  5.09457254e-01  3.86676227e-01
   3.00413279e-01]
 [-1.93007632e-08  4.96169205e-01  7.63597865e-01  7.61301571e-01
   8.42340816e-01  9.35789833e-01  1.00000000e+00  9.29774161e-01
   7.63126190e-01  6.32347608e-01  6.28906507e-01  4.89431037e-01
   3.87460257e-01]
 [ 9.01088541e-09  3.89173833e-01  6.13537481e-01  6.07448740e-01
   6.88480562e-01  8.20933444e-01  9.29774161e-01  1.00000000e+00
   9.04265800e-01  7.97663470e-01  7.83770979e-01  6.27663638e-01
   5.00331682e-01]
 [-1.28018818e-08  2.63040370e-01  4.25505141e-01  4.19867711e-01
   4.88808880e-01  6.34983130e-01  7.63126190e-01  9.04265800e-01
   1.00000000e+00  9.38634841e-01  9.17390012e-01  7.44782231e-01
   5.92409989e-01]
 [-2.20861714e-08  1.85743893e-01  3.06108586e-01  3.03346941e-01
   3.62407762e-01  5.04970457e-01  6.32347608e-01  7.97663470e-01
   9.38634841e-01  1.00000000e+00  9.84656639e-01  8.06572640e-01
   6.33390093e-01]
 [ 1.89780629e-08  1.91250020e-01  3.25956301e-01  3.18011393e-01
   3.75241919e-01  5.09457254e-01  6.28906507e-01  7.83770979e-01
   9.17390012e-01  9.84656639e-01  1.00000000e+00  8.25018730e-01
   6.54490843e-01]
 [ 8.63206191e-09  1.33389872e-01  2.28751814e-01  2.23646799e-01
   2.73108405e-01  3.86676227e-01  4.89431037e-01  6.27663638e-01
   7.44782231e-01  8.06572640e-01  8.25018730e-01  1.00000000e+00
   9.10865784e-01]
 [ 1.97162267e-08  1.00334606e-01  1.71145284e-01  1.69179051e-01
   2.08127160e-01  3.00413279e-01  3.87460257e-01  5.00331682e-01
   5.92409989e-01  6.33390093e-01  6.54490843e-01  9.10865784e-01
   1.00000000e+00]]
-----------------------------------------------------------------
Generate svg files for CodeBERT
Loading json activations from /work/LAS/jannesar-lab/arushi/Redundancy/Defect-detection/dataset/activations/codebert/train_activations.json...
21854 13.0
Length of CodeBERT activations: 21854
The number of neurons for each token in CodeBERT: 9984
Total number of tokens:21854
hsic_matrix:
[[ 1.00000000e+00  2.39455547e-08 -1.64324094e-08 -2.16249487e-08
  -8.41385846e-09 -1.15198644e-08  3.88558010e-08 -7.91002021e-09
  -9.97041695e-09  3.27866271e-09 -2.37975624e-08  4.69378583e-09
  -1.07546476e-08]
 [ 2.39455558e-08  1.00000000e+00  9.70146132e-01  9.49264831e-01
   9.11822874e-01  9.37104394e-01  9.25207450e-01  9.65550052e-01
   9.54629320e-01  9.44917536e-01  8.83068964e-01  5.37100667e-01
   3.58127719e-01]
 [-1.64324071e-08  9.70146132e-01  1.00000000e+00  9.77300007e-01
   9.40507632e-01  9.52485771e-01  9.32327059e-01  9.64831433e-01
   9.52201045e-01  9.50485603e-01  8.73631474e-01  5.67503638e-01
   4.36228054e-01]
 [-2.16249498e-08  9.49264831e-01  9.77300007e-01  1.00000000e+00
   9.71891969e-01  9.70219564e-01  9.43804270e-01  9.59253769e-01
   9.46015824e-01  9.34951584e-01  8.37212792e-01  5.40627768e-01
   4.21663741e-01]
 [-8.41386202e-09  9.11822874e-01  9.40507632e-01  9.71891969e-01
   1.00000000e+00  9.87443347e-01  9.67003429e-01  9.38200267e-01
   9.28160120e-01  8.79922235e-01  7.67562251e-01  5.01285004e-01
   4.12747480e-01]
 [-1.15198641e-08  9.37104394e-01  9.52485771e-01  9.70219564e-01
   9.87443347e-01  1.00000000e+00  9.81984683e-01  9.61604371e-01
   9.50336177e-01  9.03557276e-01  8.07260091e-01  5.12561680e-01
   3.98955146e-01]
 [ 3.88557983e-08  9.25207450e-01  9.32327059e-01  9.43804270e-01
   9.67003429e-01  9.81984683e-01  1.00000000e+00  9.66681959e-01
   9.53117906e-01  8.91549067e-01  8.22772795e-01  5.25619507e-01
   3.92402843e-01]
 [-7.91002207e-09  9.65550052e-01  9.64831433e-01  9.59253769e-01
   9.38200267e-01  9.61604371e-01  9.66681959e-01  1.00000000e+00
   9.86155296e-01  9.52745613e-01  8.98004033e-01  5.70183474e-01
   3.98689361e-01]
 [-9.97041576e-09  9.54629320e-01  9.52201045e-01  9.46015824e-01
   9.28160120e-01  9.50336177e-01  9.53117906e-01  9.86155296e-01
   1.00000000e+00  9.53039739e-01  8.89923747e-01  5.70235515e-01
   4.09154637e-01]
 [ 3.27866080e-09  9.44917536e-01  9.50485603e-01  9.34951584e-01
   8.79922235e-01  9.03557276e-01  8.91549067e-01  9.52745613e-01
   9.53039739e-01  1.00000000e+00  9.16508083e-01  6.07286339e-01
   4.46929751e-01]
 [-2.37975574e-08  8.83068964e-01  8.73631474e-01  8.37212792e-01
   7.67562251e-01  8.07260091e-01  8.22772795e-01  8.98004033e-01
   8.89923747e-01  9.16508083e-01  1.00000000e+00  6.65198909e-01
   4.33496270e-01]
 [ 4.69379081e-09  5.37100667e-01  5.67503638e-01  5.40627768e-01
   5.01285004e-01  5.12561680e-01  5.25619507e-01  5.70183474e-01
   5.70235515e-01  6.07286339e-01  6.65198909e-01  1.00000000e+00
   4.86270251e-01]
 [-1.07546465e-08  3.58127719e-01  4.36228054e-01  4.21663741e-01
   4.12747480e-01  3.98955146e-01  3.92402843e-01  3.98689361e-01
   4.09154637e-01  4.46929751e-01  4.33496270e-01  4.86270251e-01
   1.00000000e+00]]
-----------------------------------------------------------------
Generate svg files for GraphCodeBERT
Loading json activations from /work/LAS/jannesar-lab/arushi/Redundancy/Defect-detection/dataset/activations/graphcodebert/train_activations.json...
21854 13.0
Length of GraphCodeBERT activations: 21854
The number of neurons for each token in GraphCodeBERT: 9984
Total number of tokens:21854
hsic_matrix:
[[ 1.00000000e+00 -6.88433801e-09  3.06868346e-08 -2.13638236e-08
  -5.99171056e-09 -3.38511263e-08  1.78172077e-09  1.90085587e-08
   8.99794105e-09 -1.89130488e-08  2.92273871e-08 -4.06542529e-08
   1.65859479e-08]
 [-6.88433101e-09  1.00000000e+00  8.83490335e-01  8.11828160e-01
   8.42796995e-01  7.67401587e-01  7.86499354e-01  7.93354248e-01
   7.35169012e-01  3.83624459e-01  4.06434051e-01  5.76671769e-01
   2.14789773e-01]
 [ 3.06868369e-08  8.83490335e-01  1.00000000e+00  8.71475076e-01
   8.79705575e-01  7.85919746e-01  8.16792560e-01  8.05713715e-01
   7.45641928e-01  4.09677264e-01  4.26278469e-01  6.34370075e-01
   2.29289307e-01]
 [-2.13638230e-08  8.11828160e-01  8.71475076e-01  1.00000000e+00
   8.84055038e-01  8.19975229e-01  8.31357313e-01  8.06619573e-01
   7.45163862e-01  3.99755667e-01  4.35606057e-01  6.24125458e-01
   2.53421264e-01]
 [-5.99171371e-09  8.42796995e-01  8.79705575e-01  8.84055038e-01
   1.00000000e+00  8.53017633e-01  8.71402337e-01  8.46618907e-01
   7.84187549e-01  4.18593221e-01  4.47462142e-01  6.26220779e-01
   2.50608656e-01]
 [-3.38511116e-08  7.67401587e-01  7.85919746e-01  8.19975229e-01
   8.53017633e-01  1.00000000e+00  9.32240929e-01  8.54760809e-01
   7.91875008e-01  4.28084525e-01  4.66431192e-01  6.22178331e-01
   2.93393981e-01]
 [ 1.78171640e-09  7.86499354e-01  8.16792560e-01  8.31357313e-01
   8.71402337e-01  9.32240929e-01  1.00000000e+00  9.10199433e-01
   8.30252055e-01  4.42653361e-01  4.74049981e-01  6.37949847e-01
   2.91226304e-01]
 [ 1.90085590e-08  7.93354248e-01  8.05713715e-01  8.06619573e-01
   8.46618907e-01  8.54760809e-01  9.10199433e-01  1.00000000e+00
   8.43288497e-01  4.21233819e-01  4.59472284e-01  6.47938571e-01
   2.87969784e-01]
 [ 8.99793734e-09  7.35169012e-01  7.45641928e-01  7.45163862e-01
   7.84187549e-01  7.91875008e-01  8.30252055e-01  8.43288497e-01
   1.00000000e+00  4.92853470e-01  5.33656712e-01  7.27376122e-01
   4.15990083e-01]
 [-1.89130508e-08  3.83624459e-01  4.09677264e-01  3.99755667e-01
   4.18593221e-01  4.28084525e-01  4.42653361e-01  4.21233819e-01
   4.92853470e-01  1.00000000e+00  8.15823513e-01  5.49221760e-01
   2.75977879e-01]
 [ 2.92273822e-08  4.06434051e-01  4.26278469e-01  4.35606057e-01
   4.47462142e-01  4.66431192e-01  4.74049981e-01  4.59472284e-01
   5.33656712e-01  8.15823513e-01  1.00000000e+00  5.82754314e-01
   3.42677950e-01]
 [-4.06542507e-08  5.76671769e-01  6.34370075e-01  6.24125458e-01
   6.26220779e-01  6.22178331e-01  6.37949847e-01  6.47938571e-01
   7.27376122e-01  5.49221760e-01  5.82754314e-01  1.00000000e+00
   5.52108410e-01]
 [ 1.65859417e-08  2.14789773e-01  2.29289307e-01  2.53421264e-01
   2.50608656e-01  2.93393981e-01  2.91226304e-01  2.87969784e-01
   4.15990083e-01  2.75977879e-01  3.42677950e-01  5.52108410e-01
   1.00000000e+00]]
-----------------------------------------------------------------
Generate svg files for CodeGPTJava
Loading json activations from /work/LAS/jannesar-lab/arushi/Redundancy/Defect-detection/dataset/activations/codegpt/java-original/train_activations.json...
21854 13.0
Length of CodeGPTJava activations: 21854
The number of neurons for each token in CodeGPTJava: 9984
Total number of tokens:21854
hsic_matrix:
[[1.         0.86109546 0.8579582  0.85434637 0.85066781 0.84965354
  0.84699845 0.84283644 0.84155074 0.8410584  0.83732361 0.83124045
  0.76160725]
 [0.86109546 1.         0.9903378  0.98209295 0.97385837 0.95930566
  0.93195436 0.90684959 0.88923718 0.87921879 0.87563276 0.87353693
  0.80741371]
 [0.8579582  0.9903378  1.         0.99440872 0.98494313 0.96865827
  0.93815773 0.91044455 0.89094883 0.88055592 0.87686166 0.87558186
  0.8103143 ]
 [0.85434637 0.98209295 0.99440872 1.         0.99347733 0.97863856
  0.94929428 0.92231302 0.90293521 0.89248643 0.88806797 0.88622014
  0.81569609]
 [0.85066781 0.97385837 0.98494313 0.99347733 1.         0.99114711
  0.96830375 0.94481485 0.92621584 0.91543221 0.91014297 0.90713248
  0.83449069]
 [0.84965354 0.95930566 0.96865827 0.97863856 0.99114711 1.
  0.98738415 0.96984127 0.95427977 0.94453033 0.93888341 0.9344277
  0.86064791]
 [0.84699845 0.93195436 0.93815773 0.94929428 0.96830375 0.98738415
  1.         0.99327969 0.98338552 0.97569502 0.96963604 0.96231393
  0.88702587]
 [0.84283644 0.90684959 0.91044455 0.92231302 0.94481485 0.96984127
  0.99327969 1.         0.99591274 0.99048991 0.98481404 0.9759997
  0.90012223]
 [0.84155074 0.88923718 0.89094883 0.90293521 0.92621584 0.95427977
  0.98338552 0.99591274 1.         0.99736843 0.99253457 0.98344923
  0.90819419]
 [0.8410584  0.87921879 0.88055592 0.89248643 0.91543221 0.94453033
  0.97569502 0.99048991 0.99736843 1.         0.99672135 0.98835275
  0.91388457]
 [0.83732361 0.87563276 0.87686166 0.88806797 0.91014297 0.93888341
  0.96963604 0.98481404 0.99253457 0.99672135 1.         0.99467171
  0.92490481]
 [0.83124045 0.87353693 0.87558186 0.88622014 0.90713248 0.9344277
  0.96231393 0.9759997  0.98344923 0.98835275 0.99467171 1.
  0.94437356]
 [0.76160725 0.80741371 0.8103143  0.81569609 0.83449069 0.86064791
  0.88702587 0.90012223 0.90819419 0.91388457 0.92490481 0.94437356
  1.        ]]
-----------------------------------------------------------------
Generate svg files for CodeGPTPy
Loading json activations from /work/LAS/jannesar-lab/arushi/Redundancy/Defect-detection/dataset/activations/codegpt/python-original/train_activations.json...
21854 13.0
Length of CodeGPTPy activations: 21854
The number of neurons for each token in CodeGPTPy: 9984
Total number of tokens:21854
hsic_matrix:
[[1.         0.87055334 0.87500575 0.85690243 0.86555109 0.86413845
  0.86988641 0.8639963  0.84172505 0.79737739 0.73681091 0.67026874
  0.54593175]
 [0.87055334 1.         0.95812805 0.92865359 0.90862701 0.89209575
  0.88858767 0.88637576 0.87188145 0.83657497 0.78351589 0.72739111
  0.61553604]
 [0.87500575 0.95812805 1.         0.97993486 0.95109636 0.92968411
  0.92323467 0.92392579 0.91104727 0.8771519  0.82586306 0.77056069
  0.66952137]
 [0.85690243 0.92865359 0.97993486 1.         0.9665577  0.93850091
  0.928761   0.9328234  0.92167833 0.89003057 0.84117082 0.7879392
  0.7090907 ]
 [0.86555109 0.90862701 0.95109636 0.9665577  1.         0.9910809
  0.98397333 0.98129929 0.97006157 0.93285536 0.87690615 0.81718813
  0.69649698]
 [0.86413845 0.89209575 0.92968411 0.93850091 0.9910809  1.
  0.99687961 0.99174957 0.98064105 0.9419232  0.88357889 0.82201691
  0.67879449]
 [0.86988641 0.88858767 0.92323467 0.928761   0.98397333 0.99687961
  1.         0.99522438 0.98415039 0.94588329 0.88780935 0.82568379
  0.67399371]
 [0.8639963  0.88637576 0.92392579 0.9328234  0.98129929 0.99174957
  0.99522438 1.         0.99436209 0.96475638 0.91449192 0.85776011
  0.7101472 ]
 [0.84172505 0.87188145 0.91104727 0.92167833 0.97006157 0.98064105
  0.98415039 0.99436209 1.         0.9841943  0.94522152 0.89774818
  0.75072665]
 [0.79737739 0.83657497 0.8771519  0.89003057 0.93285536 0.9419232
  0.94588329 0.96475638 0.9841943  1.         0.98479805 0.95476361
  0.81790369]
 [0.73681091 0.78351589 0.82586306 0.84117082 0.87690615 0.88357889
  0.88780935 0.91449192 0.94522152 0.98479805 1.         0.98809632
  0.86906144]
 [0.67026874 0.72739111 0.77056069 0.7879392  0.81718813 0.82201691
  0.82568379 0.85776011 0.89774818 0.95476361 0.98809632 1.
  0.89792436]
 [0.54593175 0.61553604 0.66952137 0.7090907  0.69649698 0.67879449
  0.67399371 0.7101472  0.75072665 0.81790369 0.86906144 0.89792436
  1.        ]]
-----------------------------------------------------------------
Generate svg files for RoBERTa
Loading json activations from /work/LAS/jannesar-lab/arushi/Redundancy/Defect-detection/dataset/activations/roberta/train_activations.json...
21854 13.0
Length of RoBERTa activations: 21854
The number of neurons for each token in RoBERTa: 9984
Total number of tokens:21854
